# Blob Data Set:
# P=25
# Tau=180
# delta_P=50
# 
4.1434
4.0941
3.3636
0.7964
1.8829
3.0389
0.3975
0.8467
4.2445
7.1445
6.3015
3.7159
0.6583
47.1196
3.6765
2.0389
5.5014
2.1243
2.2173
3.6951
2.8944
2.1985
1.4815
4.0480
7.5792
5.5634
4.7593
11.0419
4.0732
4.3322
3.4884
6.4066
3.5325
2.9181
3.6570
8.4731
4.4636
3.6927
3.8825
5.0044
1.9923
11.8628
4.9497
4.1688
20.7442
24.8511
3.4511
4.8548
1.8836
46.7277
3.4511
20.7531
6.3412
8.0296
10.2687
7.0514
5.5230
2.2396
2.3614
8.6914
5.0718
4.7488
1.6714
5.8473
1.6749
46.1825
1.8563
4.1979
5.2044
4.4040
5.4170
4.9313
8.3965
24.9271
43.5720
2.9012
3.6878
3.3896
3.1285
1.5244
33.4863
3.8273
2.7702
3.6307
3.2489
5.9805
4.8410
4.5554
2.5344
4.7689
10.2127
0.9560
46.3787
2.2753
6.4819
1.2203
6.7529
8.6982
7.3284
2.7258
7.7492
2.8668
4.1179
7.2525
4.5189
5.0494
14.6645
9.2795
7.7280
14.0424
6.3795
3.4297
5.1877
7.0528
4.5219
2.3611
6.0405
1.8006
4.3021
6.1045
1.8734
1.4214
9.2564
5.0411
4.7681
5.2931
1.0292
2.4847
6.7080
6.3621
12.3284
7.0857
13.4783
11.0937
2.6834
0.9608
4.2688
1.5234
12.7228
11.1654
39.1631
0.6774
18.4762
8.4920
4.2448
10.9213
4.5595
4.3123
4.6904
4.8403
3.7274
3.2691
9.6464
5.0490
6.9506
1.3860
3.3883
3.3180
2.8757
12.0303
5.8959
4.2123
22.3662
1.5000
35.3929
14.1242
5.8656
3.1333
2.1419
2.1784
2.8033
6.0803
3.9717
3.8983
3.9201
3.4642
1.4520
14.4896
7.7968
5.7497
3.1486
10.2700
4.5897
7.3919
4.1979
2.9255
7.0854
6.8232
14.7566
5.9214
18.9554
18.4071
5.4217
3.4863
7.8577
4.4985
3.5689
6.8599
3.8887
1.7091
18.4502
8.0637
3.4730
1.0554
0.8709
4.1756
6.8124
3.0574
7.0436
8.1209
18.3375
10.3126
25.4785
2.8519
9.6141
2.0334
13.4948
4.0147
7.7184
2.7376
27.1959
2.8312
15.1059
10.6062
6.3508
13.0973
22.0039
5.0641
14.1730
7.9731
5.9030
4.4178
6.6706
2.1979
3.4275
7.6206
4.5825
7.4110
0.7607
3.2783
5.2263
1.8346
6.6487
42.7488
1.9950
2.8106
9.3627
13.4838
11.9912
6.5985
12.6787
32.5375
11.1856
3.9691
2.8795
48.1845
8.1169
6.2605
10.8096
5.3335
4.9670
3.7696
2.8737
9.9283
4.1178
21.8541
7.6462
3.0531
5.5679
7.0996
1.9235
4.2629
5.6213
15.5960
8.1528
4.2957
14.8876
20.0464
6.4758
8.9479
4.1482
7.2677
6.3491
3.6302
4.6797
7.8462
6.5342
4.5760
7.5717
7.2331
5.0577
5.1757
3.0430
25.2353
4.8494
1.0041
17.4551
5.1635
8.1318
4.9804
9.8102
3.5514
2.2095
2.7108
46.0165
4.5576
1.3671
6.2925
6.0159
3.6273
3.2295
3.4267
5.2987
10.0970
1.8749
11.7332
6.3037
0.9012
4.2215
9.2950
3.6566
9.2411
3.6797
6.2763
18.0025
3.0407
0.9740
0.6301
6.0624
1.5447
3.7506
5.7928
5.2803
6.6576
6.8821
3.4506
4.5695
5.4294
5.3309
8.5330
9.3006
6.8155
6.2809
2.5219
5.2715
5.2080
10.2513
15.1433
23.4083
8.1208
1.8324
0.4706
4.6098
49.1441
3.0232
18.1569
3.5520
5.1223
6.0324
4.7576
5.4298
3.7536
2.2596
7.1045
4.3541
5.4998
5.5191
3.0744
4.1786
9.7438
40.9001
12.3796
4.8514
6.8014
30.8272
2.7355
5.3477
12.7090
7.6013
1.7608
4.7218
38.6684
5.0002
6.3564
40.6599
2.2623
3.7345
5.3651
3.5149
3.3518
2.7089
2.8790
2.9630
1.1647
2.3536
10.0929
4.7024
8.3622
4.9093
4.1147
21.3355
4.7342
9.7841
12.9119
2.8713
15.8843
3.5267
6.1147
2.9453
7.9907
4.3438
3.2096
9.2607
6.3249
1.5016
2.7753
6.2012
7.9147
14.5932
3.6766
15.3353
7.9516
0.9185
6.8638
9.3213
3.7627
12.1404
11.4520
13.4333
4.9755
9.4604
2.1510
6.1620
3.8065
6.5483
19.8991
45.3063
1.2808
2.5974
4.5098
2.9568
3.9742
3.7424
1.5056
3.9048
1.3677
1.7701
4.3849
8.5285
6.7294
3.2879
4.4996
11.8632
5.7792
5.7064
2.4654
13.0983
3.9729
1.9308
3.1664
6.3978
1.7101
3.5555
5.6115
20.1921
2.9510
1.1410
8.1069
2.8468
4.1991
3.1314
2.0270
2.9126
4.6433
3.2826
2.6743
1.7096
4.9738
2.6329
7.6629
13.9069
18.1093
1.2613
23.7929
11.9563
7.0560
0.8017
1.8016
16.5229
7.1020
2.4014
1.1097
3.5679
4.0293
4.0326
4.0569
5.7737
2.4431
4.4723
2.6162
3.3388
1.3497
5.4503
2.6251
0.4372
4.6642
0.7462
2.6624
7.4489
3.1653
10.9625
5.7230
2.2837
3.6957
4.0281
3.5548
12.3682
7.3972
7.2785
3.7195
2.7284
6.9543
39.3510
14.5039
8.7433
1.3538
0.7348
4.9436
13.6215
5.2610
14.9851
10.2828
2.6531
2.8643
4.5837
1.0041
2.9839
0.4266
4.3204
2.9579
12.3421
5.5274
19.0929
11.8532
34.3807
5.1740
16.5746
1.9323
5.0791
1.8151
1.8961
20.4766
4.8586
15.2473
0.9800
9.4984
10.0880
7.2493
5.0172
6.2992
7.3290
9.2422
7.8571
1.3819
1.1004
5.0129
2.6996
1.3148
3.5765
7.8374
4.1148
6.7544
7.1756
28.2458
3.8409
19.3516
36.4202
3.7931
4.4010
5.2751
4.0892
2.3080
8.1808
14.9865
14.5821
1.2441
4.9816
8.4708
5.1751
2.6623
3.4942
5.6865
5.1016
2.1321
1.1554
4.8974
7.4334
9.1255
8.7857
2.7873
2.9598
1.5566
3.0109
5.5166
2.8445
6.6273
3.7755
17.3538
2.5851
3.2131
4.0743
17.3440
25.2553
15.9622
11.3004
5.0078
10.3653
1.8708
2.7210
6.3032
5.9751
0.3784
6.0257
6.3470
4.8524
0.8988
3.8086
1.9392
2.9477
3.0768
12.0644
2.9300
4.1661
9.7484
37.7725
6.9512
5.2995
2.5471
6.1304
8.0874
0.6679
0.9499
5.7739
2.9874
1.6734
21.9749
6.2009
5.2694
2.5289
6.7775
3.1430
4.9922
3.2606
6.4470
5.9510
6.8368
3.8521
2.8271
7.3959
6.1197
10.8649
20.2058
10.0545
2.5189
2.9736
5.3782
4.4189
10.6469
8.8509
1.8864
34.6601
4.5959
8.6837
7.5823
3.8888
2.6238
3.4852
6.1514
4.9590
3.0446
2.9048
5.5992
2.3366
5.3647
7.5705
3.4146
17.9024
4.9049
4.9838
5.1778
9.4783
4.4035
4.4222
2.4022
7.2240
17.1867
14.2827
14.5527
6.0277
4.9164
7.1385
1.0114
1.4149
2.3486
2.9576
5.7828
2.0812
6.2277
2.0861
4.0103
5.2784
4.6326
19.7883
3.3456
3.7578
5.8359
7.5843
1.8785
2.1578
3.2655
1.5404
12.3292
7.2107
11.3046
34.2584
2.5318
2.9479
1.1315
3.4691
4.3047
6.3866
4.9306
1.8122
8.9697
0.8663
3.1121
4.4516
5.7542
3.9076
6.8936
5.4039
3.7438
3.3069
1.8060
1.2305
4.7063
7.6961
1.3642
4.6313
11.4590
6.2500
2.0657
3.4874
10.5144
4.9563
8.8204
2.0828
4.7397
2.1785
6.0755
2.4998
1.5399
0.7313
4.9726
6.4787
8.1217
0.7188
2.7884
7.4374
14.5616
4.6276
11.2361
3.9999
11.2363
4.1974
5.7922
5.8448
8.3945
2.3944
2.1060
4.3046
8.2006
11.7998
8.9652
9.2393
6.2727
6.4068
1.5227
4.3282
1.2560
1.6850
8.9091
7.0043
0.5495
15.3935
4.8112
4.2243
4.9706
3.6874
5.4560
3.3577
2.0628
3.7482
3.3049
4.0088
1.9182
13.8878
3.4067
3.8291
0.3391
16.2859
15.2070
5.4910
3.7886
6.8327
0.7870
12.1239
10.5405
5.6260
2.4216
3.8802
3.0956
10.3191
2.2556
5.2270
5.2270
3.4897
5.3679
2.6083
8.2725
15.4297
0.9198
3.4473
6.5024
11.7645
3.4997
3.0037
34.8700
6.3017
1.8037
1.8719
5.6596
18.6136
7.6358
6.8892
4.2254
15.7892
5.6062
10.1845
2.9509
4.5884
5.8435
4.4363
4.9872
7.1720
46.2290
8.1984
11.8674
3.8020
4.5024
4.2422
2.5922
3.5131
1.5304
20.6595
9.3021
11.1873
20.9411
4.0301
5.5915
1.9575
5.7587
4.7263
24.3144
5.0596
0.6302
4.8843
3.7371
1.8125
7.5507
44.4714
38.9270
2.5905
4.2890
7.0263
6.8715
7.2525
6.7512
3.5994
14.8181
4.6802
3.0872
0.9822
11.0320
9.2547
3.6981
2.7861
3.9201
5.6992
4.2611
6.9903
6.6744
0.9259
3.3942
6.8792
46.1651
5.0493
2.1105
7.0962
10.5582
1.3576
0.8706
5.7602
8.2335
34.4283
4.9805
6.9302
4.2027
3.8378
38.7826
24.9097
8.3826
2.3003
3.2071
4.9869
32.2629
3.8732
0.8495
2.6618
2.5097
3.4213
3.5027
0.9950
6.1586
9.2637
5.1718
3.8452
1.1299
5.6812
6.8128
27.4764
2.3736
4.9343
36.9558
7.7886
4.0938
3.0754
7.0046
4.2754
5.2140
2.3965
8.0734
8.9641
4.2835
6.1606
4.9543
4.2222
15.5884
4.2907
6.4400
7.1104
8.8702
8.7200
4.1486
5.5998
3.9472
1.0517
7.1068
7.4517
9.6451
5.0280
3.8234
7.7524
8.6560
7.2439
4.0583
1.6123
9.7447
25.1503
2.8757
4.3798
28.9253
12.2727
7.7333
2.7588
2.2212
4.5722
7.5197
9.2617
4.9721
2.8982
2.6047
5.5580
14.7503
4.0455
4.5547
3.2769
3.1371
3.4287
6.2390
1.4611
3.6560
3.3898
31.8728
32.0021
14.6565
6.5020
4.3313
1.7773
2.2421
10.9523
4.3015
6.9382
3.1550
1.8126
3.1074
2.0615
4.7424
4.7727
8.2689
5.6004
3.7955
4.3929
2.1210
4.3347
5.5660
3.1365
7.1162
8.1547
2.4930
4.3257
8.7255
1.0442
3.7952
7.2767
1.6308
7.4231
2.9965
0.8077
2.9006
14.5552
6.1313
5.3184
4.0506
7.4623
7.1235
6.4891
4.2959
2.7027
9.1317
6.7725
48.1880
3.0388
5.3157
1.1912
3.5581
5.2019
3.6717
9.1063
9.2038
8.8659
28.7560
36.6474
3.4779
3.0212
48.0332
2.8463
1.7180
3.7725
9.2901
3.2844
7.7030
4.6900
25.2495
7.5940
1.9655
4.3204
3.0013
4.1138
3.8624
3.2146
5.6264
1.0758
1.5784
2.7841
1.8697
3.2853
2.3492
4.2851
2.9918
3.3629
5.1964
8.4688
6.2201
3.6341
3.0043
2.2675
2.9869
2.4446
16.4596
3.0072
8.0112
3.7598
5.0959
2.7112
5.4328
36.9841
3.7529
13.4532
6.0241
22.8589
5.4001
6.4433
46.0151
5.3430
0.8911
9.1080
7.2968
30.1563
7.0086
5.8072
22.8064
3.1444
4.1519
2.4610
7.2474
23.4378
36.6487
1.4781
2.3216
2.9452
4.2215
4.2157
13.8285
32.6653
3.5307
4.8140
9.3553
3.0919
3.7157
2.2142
1.8486
1.1824
3.4028
4.2576
3.5249
3.0974
4.1478
2.9570
4.4839
6.8010
5.1933
3.4440
6.1497
3.7039
12.7678
0.1417
6.1368
8.3892
1.8588
2.6748
42.3341
1.8337
7.6466
5.4586
5.4243
1.9414
2.5543
5.6783
4.1788
7.6738
8.3109
17.5385
12.1548
1.0072
5.3753
8.6004
9.8948
13.2461
4.6026
5.5635
5.8172
6.1185
2.4048
23.8822
4.9952
2.5000
1.9893
4.8566
4.6817
2.0591
4.0398
11.0039
4.9603
13.1623
6.7773
21.8210
10.8007
15.9726
8.0348
1.2655
14.4649
4.4840
8.7172
11.4087
6.7808
6.4120
5.8005
12.7295
6.2440
3.1111
4.7379
8.0804
2.8349
4.0401
3.0867
3.6586
5.2580
9.1376
8.9967
5.1525
11.0114
2.2871
18.9256
3.5769
11.5851
3.6120
10.0456
23.6993
4.7256
7.2781
6.3585
2.7304
0.4652
5.5517
4.2536
0.5636
1.2255
8.4938
4.9333
3.2631
6.2772
5.0172
5.9527
6.3142
4.4818
3.8797
4.3281
29.4949
25.2294
8.7978
1.6289
6.8939
1.1378
19.9687
7.6870
1.3608
5.8645
1.8035
12.8928
5.6092
6.3492
2.4604
4.9313
1.7716
9.4023
1.3408
1.7469
6.9459
7.6749
7.3075
10.2476
1.3859
5.5177
6.2844
1.7321
7.0152
8.6996
4.3543
40.7307
2.3003
6.4840
4.0151
6.9053
3.5854
4.0993
2.9334
2.4640
5.1097
5.3750
1.2140
3.4396
6.0364
3.9824
2.7625
4.3394
3.6961
8.2240
7.3267
3.3166
6.5908
2.3253
9.4374
4.6198
23.2856
7.2190
5.8680
3.2413
5.6729
5.8508
3.3619
3.6595
8.3532
7.3049
0.8321
6.3168
4.4101
6.9545
2.4137
4.0912
9.3630
11.3388
4.2874
1.9124
3.6600
16.6536
8.8669
17.4988
4.5566
7.8414
8.6810
7.3900
4.9778
4.4737
2.6996
1.7455
3.7632
6.3032
1.4255
5.5878
2.1523
7.3596
10.1546
3.3337
9.4574
6.3857
11.5066
17.9163
15.0470
1.7392
0.6108
6.0771
2.3918
5.1235
3.2759
4.8355
33.3649
5.4874
0.7681
4.5664
3.0254
5.1671
21.9796
0.2860
4.1300
3.0136
1.5353
6.0249
0.8675
9.3834
3.6861
4.1176
8.2426
4.8988
5.7619
3.8912
10.5466
1.4414
1.1413
4.4737
8.0504
25.8701
11.0121
6.8453
2.5751
2.1354
5.0239
41.9781
3.9544
5.7249
3.6625
2.3773
2.6241
3.2205
7.9391
4.9244
4.9658
23.0138
1.9705
14.1187
15.7034
10.0693
2.9738
8.4426
4.2964
3.8615
19.2173
18.6401
5.6170
2.6417
5.0250
3.7789
42.2631
3.7572
2.5594
4.0947
8.8801
8.8059
8.4016
6.3746
1.9019
3.8387
3.5333
3.0839
12.2513
8.1944
15.4993
1.7519
8.0912
4.1913
4.1245
5.8719
4.3232
5.1844
4.2930
33.1314
22.0075
5.9756
0.4019
1.5452
6.0091
3.9317
1.4629
3.0732
6.3503
6.6309
5.9860
2.2723
19.6270
2.9205
9.9312
4.9041
2.1210
5.5985
6.5464
16.1408
5.4127
2.0881
4.1583
4.0397
30.1081
3.0761
6.8087
7.0024
5.9102
3.3420
4.3338
1.1604
7.0376
1.7957
5.0337
5.5159
6.0447
2.7531
3.3459
2.5419
11.9601
6.1112
4.1734
0.3163
2.3894
5.5096
3.2821
7.0036
3.2037
4.0969
7.5797
15.1004
3.9759
5.2051
3.4937
2.9488
1.7089
2.6981
5.3556
3.3466
1.0063
1.0429
21.5739
19.6394
2.3515
4.6434
3.4822
1.4726
2.8719
2.1262
7.0605
3.8672
6.5563
1.9455
5.7229
3.6154
4.6561
2.8529
4.9426
7.4164
5.1446
7.6849
21.5484
3.9111
2.8959
1.5066
3.5926
5.9971
3.3986
8.4437
7.8685
1.8974
5.2830
3.2130
7.9298
3.0213
0.2055
6.5974
14.8299
4.6446
4.3348
5.1999
6.8068
2.4229
1.6815
5.3838
6.8044
7.5510
18.6027
6.7308
11.3738
6.2295
3.8088
8.2264
43.1676
8.8259
10.1566
2.0582
45.1009
4.9424
2.1647
0.7670
2.0870
2.9136
6.1279
6.2901
0.9337
4.9703
2.4097
6.8826
8.0412
14.1923
11.9754
7.7315
6.8788
1.2523
4.1315
4.4846
4.9814
2.7440
9.2027
5.3791
10.2287
4.9191
4.0546
3.6827
7.5763
3.4818
16.8535
22.2128
1.6432
2.9297
3.6928
6.0122
5.6261
4.2467
1.5414
1.7647
4.6499
0.4945
4.7386
8.1169
2.1417
6.6759
6.2733
4.9842
7.8466
4.1636
21.1764
5.7422
2.7330
4.9855
17.6677
1.9464
1.3804
3.1846
1.6953
37.4616
27.9165
3.6578
32.1860
0.5012
2.1702
8.2644
3.1060
3.5250
37.2099
7.2675
3.6902
4.8398
8.0262
10.6076
2.9653
7.6118
3.5015
4.3075
3.3820
0.5831
4.1325
13.6363
6.6877
38.5127
9.3548
7.0430
0.9788
5.9841
5.0144
15.3995
1.1256
3.7360
2.9533
3.7661
3.2392
3.0770
3.9203
1.3579
8.8455
7.3322
8.5259
4.9364
7.4073
2.2241
5.6590
3.5428
0.7309
24.1404
1.9462
10.2482
6.1746
21.0354
7.1506
3.4155
3.9966
6.7559
6.1695
5.1400
4.3629
1.2812
31.7354
8.5127
8.6566
5.0542
5.2839
10.9088
10.0780
5.1544
2.7339
1.7370
3.1077
1.3373
16.4185
5.8828
17.5422
4.5217
8.9989
8.7633
0.3079
13.7263
15.7902
1.9361
3.1428
6.0991
3.9555
4.2816
12.2159
1.6263
2.0671
1.9795
2.2970
5.0483
2.2082
4.1509
2.0769
5.6097
6.4605
3.1462
36.5989
1.3780
7.4747
21.5138
6.4632
12.4900
8.5164
4.6411
6.4733
4.1411
7.1245
6.2507
6.2765
7.4874
7.9193
13.6458
2.4366
6.5479
6.9283
2.8663
12.6637
5.3287
7.7509
9.2126
4.3831
3.4105
5.6292
14.1753
5.2922
1.5436
3.3800
1.6107
6.9582
12.9682
8.9048
5.0968
3.4932
10.2750
3.2391
21.7739
13.5586
12.9914
7.7511
9.4410
4.6681
3.8233
10.6664
2.0957
11.8123
17.4393
4.2226
10.0375
5.0120
5.5952
10.1482
12.4797
5.5030
3.0438
5.0596
2.3299
5.8015
5.2382
5.9530
7.7435
4.0663
2.7312
5.3647
3.2383
4.0243
5.2493
13.8155
10.0325
6.0120
3.1948
6.8177
7.4610
1.6940
8.7507
8.4952
7.2859
22.5316
27.5933
3.6572
1.1442
5.6646
2.7912
4.2716
5.0274
5.0914
13.8645
8.4682
8.5197
7.3842
12.3063
8.8951
4.6607
8.1811
4.6333
3.8779
3.0478
2.1378
2.5836
0.4183
1.8198
3.1823
2.3110
9.8842
2.8341
0.5619
5.4896
6.1788
11.8575
1.8008
13.1708
0.2921
7.0713
7.4772
5.3257
6.1244
3.7696
11.1011
4.3455
5.1187
5.3276
3.7312
6.7546
8.2760
7.5637
1.7613
1.5079
4.0677
1.4265
1.8262
5.6855
0.9621
2.3401
1.0067
3.3394
5.5637
8.0145
1.9548
3.6319
6.9408
3.1837
1.7708
6.2216
2.5567
7.6147
3.3193
4.7101
9.7742
7.2609
2.3337
5.6609
0.4478
4.2281
5.3228
2.3512
1.2458
5.5294
4.2788
7.4637
7.8173
6.1507
2.2750
2.5657
4.1545
5.5753
1.2248
0.9931
3.4493
2.1270
5.4231
2.7590
6.2180
10.8577
13.1471
15.7550
4.8899
4.7493
1.2696
5.5202
3.2886
5.9147
8.2184
21.9855
1.9748
16.3996
4.4769
0.3197
1.1728
7.3749
3.8082
3.2238
1.2517
1.2558
3.2657
3.7791
2.7881
2.0479
7.3287
2.8243
14.4600
4.7244
12.8240
4.2329
3.2363
13.4458
5.2028
1.6440
3.3644
11.8734
17.9927
3.3931
44.9510
3.8741
2.0058
6.1621
31.9334
1.8821
3.1627
1.7100
5.4259
3.6256
5.8952
1.9968
5.4362
2.7729
0.7685
3.3729
3.0763
2.3251
13.0270
4.9882
5.2226
3.4316
8.0799
7.1588
7.0524
5.7598
2.9701
2.3836
2.2841
2.8723
5.0182
3.0791
7.1875
2.0004
1.7630
5.6005
5.3767
5.2715
6.4485
6.5071
7.7723
4.6151
3.8751
2.1509
3.6152
6.8181
8.5834
5.2529
11.9900
13.2660
5.1113
7.4434
1.9313
0.2580
3.1672
10.5816
4.4141
2.4452
6.7068
5.6527
5.0846
8.5849
10.0718
9.9184
3.8093
8.0535
9.0418
4.9644
7.3006
4.8389
19.5910
3.3013
4.3174
2.1791
24.9310
4.6932
6.0559
7.6524
4.5841
5.4493
7.4170
12.1888
22.9426
2.7481
5.2295
6.3614
2.4133
7.9136
5.9104
4.9150
1.5530
5.5357
8.2822
5.0742
1.1939
3.5596
3.6268
5.7315
10.5175
7.7386
7.7409
7.0631
5.2902
3.4773
6.7184
7.9377
6.4311
5.0950
5.8809
5.4453
4.9799
2.1493
8.0470
2.8359
7.2071
6.4407
5.3259
4.9544
4.7499
10.4950
2.6451
4.4116
16.2145
3.2100
3.4706
6.6076
10.9055
6.6450
6.5495
0.3314
36.1791
1.4292
2.4137
0.7778
6.0251
6.1591
10.3125
4.6514
1.7047
2.1260
3.1188
38.0173
4.7398
1.4477
1.8451
7.9867
5.5926
15.2627
3.4197
7.5467
8.7168
26.5533
2.3479
7.6944
5.4711
1.2221
8.5420
4.1741
22.3853
0.9621
3.4752
1.7671
19.3148
1.9842
0.7311
4.6748
3.1570
4.8968
4.4858
4.2094
5.7217
2.1682
4.0451
9.8838
6.7056
3.8989
4.4843
6.2019
5.7920
5.1101
6.0125
3.7279
9.5208
1.5678
9.9293
6.5993
5.3974
8.5275
2.9012
6.3063
1.5227
4.4803
31.2086
2.7487
1.4453
12.1917
4.7245
4.1294
9.0027
10.8484
2.3796
6.8355
1.5388
6.6012
2.9880
4.0012
3.6885
6.4608
41.8762
2.8734
3.7415
5.0523
5.2134
6.0499
2.4454
3.3784
2.0097
7.3996
2.3010
5.6577
5.6337
6.1774
6.2012
5.2472
2.4688
1.6232
3.1893
2.4883
10.0004
8.0866
2.5388
7.9505
9.3813
5.4184
3.8272
12.3549
3.9241
1.9940
16.3791
8.8898
3.2923
3.3338
1.9700
0.6297
4.7288
6.5129
6.0563
2.8034
3.4748
7.4578
6.6158
2.2064
23.7268
3.7097
1.1769
2.5839
8.4254
10.9509
17.5584
15.2805
7.2141
4.9607
5.3184
6.9896
4.0352
3.0371
3.2281
3.7358
0.4565
5.0852
5.9208
2.6181
39.3665
5.4726
4.1272
5.9216
5.4391
6.7098
5.7168
12.6212
8.0241
6.1944
2.6764
1.1174
5.3627
5.9142
3.2510
9.6345
2.9503
4.8154
4.1575
9.7249
8.3982
6.6889
1.9515
5.8214
3.8130
1.3317
1.0673
5.5842
2.8575
10.4930
22.2862
15.8507
4.3379
6.3303
2.6905
1.9562
2.6829
9.4727
5.8010
9.4923
7.0167
7.8739
9.1596
2.8226
7.2223
5.2476
3.4935
3.6018
3.1905
2.4575
5.1885
8.3234
0.4312
2.0054
4.7312
12.7429
3.2895
7.2135
2.2987
10.6579
6.2601
0.8426
2.0582
3.8878
3.8425
4.2404
2.2812
3.4257
7.7297
17.5797
1.8997
1.1334
2.0489
2.4726
5.5218
5.8504
8.7545
2.3449
5.3216
3.9378
3.1531
3.1975
5.8994
1.3493
7.7012
1.7100
0.6759
12.8223
3.3989
5.4543
2.9124
2.1487
5.8714
3.7876
1.0371
2.7058
7.3323
9.8250
3.8025
3.0043
6.1057
43.1275
2.0359
6.9442
3.5920
4.5549
4.2062
5.8912
4.3356
5.5651
3.4533
1.1496
5.4867
2.5736
1.5365
3.8896
9.1694
3.4003
5.4771
3.6212
7.2373
2.9440
5.1790
20.9556
8.7580
6.8053
0.3173
3.6325
6.0262
6.5113
4.6567
2.5348
13.2844
22.9171
5.6439
3.0725
6.3319
6.8591
4.4133
5.9347
7.9511
19.5731
3.8378
8.7114
5.9313
23.4986
5.4187
1.6945
13.9099
2.3706
5.2660
7.3424
5.0286
5.5530
10.0406
6.3377
2.5723
1.7252
5.2357
1.2217
1.9581
3.0240
7.1507
2.1753
5.2861
4.1900
3.7986
3.3435
4.7234
3.5576
4.2798
1.4847
10.2889
7.4438
13.0948
8.6343
5.6521
4.1225
1.7981
4.5127
3.9894
5.9210
3.6054
1.5145
3.3895
9.3761
10.8934
1.4738
4.6688
8.4497
1.4967
8.6021
3.6907
1.2120
6.6389
0.7591
4.2239
5.3146
5.6028
7.7350
4.2458
16.6296
3.1654
2.3311
9.5122
3.3791
3.2837
6.4954
6.8239
8.5230
2.2072
2.1944
10.6491
4.7871
0.3632
5.8355
9.7423
7.8069
6.9151
3.7126
1.2786
1.4727
4.8266
9.4584
4.2766
8.0628
38.9437
5.0570
8.6817
8.3875
11.4877
7.5032
13.1140
15.6796
2.7110
4.4891
4.4658
45.6556
6.2042
0.6713
6.9614
4.1935
2.8151
1.9678
2.5696
5.8217
7.4741
2.1008
9.1791
3.9777
5.1876
0.8614
4.0951
7.8351
3.0672
6.4013
5.4628
8.0859
12.0427
20.6908
8.9607
3.7224
5.6154
5.2345
1.6818
4.2460
19.0812
8.1366
8.6082
7.4546
3.2731
3.7460
8.9271
5.5701
3.4584
15.4754
6.7718
4.3282
4.1253
5.0298
3.3359
8.6181
7.7382
5.8573
5.7112
3.0444
3.8546
4.3223
1.6087
0.7892
6.9272
6.0819
5.4837
4.1241
9.9092
2.5288
15.3112
12.6746
4.2614
11.6490
6.6931
4.6999
4.5774
3.3593
2.7099
3.7552
4.2511
2.2280
9.4146
5.0096
3.2831
4.5476
37.9235
1.2361
1.7006
2.9933
1.7384
8.2852
4.0306
3.4069
3.5259
2.8529
0.9122
2.9881
1.9684
7.7689
2.3166
43.9281
9.6634
7.1582
3.6071
8.1174
5.3222
7.6894
2.2407
5.4954
2.2662
3.1643
1.1478
8.2136
12.1140
4.5865
1.3115
6.1786
6.1007
9.2237
3.1218
1.4571
6.6938
0.8736
6.7519
2.6806
4.6614
11.6230
9.5072
0.9835
5.6325
1.3603
19.2707
8.6436
5.3082
8.8585
10.0213
6.8845
2.3245
3.2064
16.7038
1.9807
13.8561
10.5229
25.6805
17.9055
6.0097
12.1972
11.9648
7.9091
3.7374
1.9243
2.0944
3.2189
2.0536
2.4470
1.9727
9.5795
36.8504
5.3743
8.6013
0.9108
1.8399
4.6122
1.8237
4.6935
4.4133
10.3654
3.6065
1.2961
9.8930
3.8572
3.6839
5.6650
3.1120
2.5869
4.0923
10.7344
3.9355
5.0920
4.5932
2.2824
10.5528
1.1554
4.6207
1.5933
13.4965
3.2639
4.4053
8.0528
2.9288
0.5205
3.0193
6.7927
7.1258
4.0962
7.9517
5.0617
6.9578
2.2181
4.0759
9.3379
3.5548
2.1647
6.0949
10.5447
32.7965
9.3493
19.4499
15.0292
0.4018
3.8540
0.6949
6.3572
4.6283
6.6028
10.9990
6.1310
5.1717
37.4680
6.5252
2.6772
7.1413
6.3836
7.1281
2.3305
8.2636
2.7822
16.0813
2.5768
0.5016
4.2619
2.1056
5.4287
6.5095
2.3412
17.5522
1.6149
5.2703
3.6300
7.1670
7.3114
9.7132
5.2943
6.6918
4.6746
5.6798
2.6241
7.9547
4.1750
5.1270
2.3488
10.2095
6.1321
7.5047
15.8226
6.8080
16.3190
2.0133
6.1997
0.7802
3.5356
4.1132
7.1801
21.2039
7.2321
6.9383
1.0100
4.6356
6.0961
3.6544
4.6282
0.8699
6.1695
6.5402
6.6230
28.0066
6.2419
4.4875
4.2958
11.1995
4.8618
2.1062
8.1259
13.2265
5.7166
1.7505
2.2438
3.3444
7.1013
10.4984
14.8844
10.6844
6.6626
9.6087
2.0243
1.1701
4.2291
1.4468
22.5821
2.2793
2.6242
4.2243
2.0876
8.5028
7.8314
27.4994
5.1275
10.7240
3.7047
4.9172
5.2980
2.6026
6.3553
1.7605
1.5338
28.5443
20.3286
15.8507
3.1802
4.0804
3.1755
5.0846
1.4951
29.4116
1.4701
4.1850
2.5630
3.8612
4.0879
5.4392
6.1417
6.8367
4.4538
3.2562
2.2279
2.1379
14.1897
6.7756
7.3139
3.7057
2.5427
5.7409
1.4841
0.9514
3.6185
9.6880
9.2728
5.7199
2.3169
6.2820
8.2632
13.9927
3.2610
2.4035
9.5776
15.2720
7.6677
8.5090
4.1911
1.8022
2.3899
4.5965
4.9183
6.4443
3.8669
1.8936
2.4634
10.3207
4.1879
2.0336
5.6135
6.2756
8.2589
3.8621
17.0616
8.1632
14.9897
19.5792
1.6402
2.1840
1.8828
8.4885
7.6127
5.3430
7.0193
4.2228
5.7118
11.4813
28.0953
5.2264
5.1016
2.5868
5.1764
3.5652
7.2268
3.9493
3.6101
9.9426
4.8488
4.1104
11.4654
24.5591
5.3683
7.3289
4.3388
6.5586
5.1292
7.1146
10.1233
8.1636
3.8171
10.0462
6.4203
4.9744
5.1311
2.8468
5.2502
8.2929
26.8905
4.4927
1.9048
2.9216
6.4363
5.5081
9.7296
5.8133
2.2591
4.5369
2.9838
6.2674
4.0826
8.1800
3.7467
24.4318
6.4298
6.0120
6.0113
1.8551
6.8377
4.2826
1.7495
4.1880
4.9705
3.7072
20.7344
5.3827
1.8561
6.6302
7.3880
14.4031
2.8632
6.8013
3.2958
4.9205
10.7100
10.7589
9.4022
7.2480
5.1868
7.4694
9.4681
6.4199
3.0687
8.2163
5.7887
3.7854
6.8862
6.0225
5.2448
5.0415
29.3879
13.0424
14.3584
4.7606
2.6546
0.7661
4.4969
2.5203
11.4354
5.7075
1.2460
3.2552
1.4362
3.8253
12.6643
4.3907
3.0121
22.4287
4.2357
12.6187
8.7688
15.7464
7.8040
8.3956
7.1422
8.6665
16.8368
5.0710
7.4228
6.0884
21.5952
3.9466
39.1074
3.1546
6.1028
6.7436
2.7235
3.8453
20.0382
8.4161
10.1689
2.9821
3.5304
4.4821
4.1165
7.6624
8.9099
4.3476
2.9944
5.2171
2.6630
2.4807
3.9262
5.9373
5.5401
5.8440
8.2056
8.6548
12.5748
14.7304
16.1854
5.0096
6.4547
6.1998
2.5499
3.8918
6.2453
10.1637
10.2195
3.2727
3.4456
1.6906
3.3077
7.7180
4.1275
4.9871
4.7767
2.6684
10.3178
4.7336
5.4224
6.3194
2.0895
4.5147
1.9901
1.2579
4.9821
4.0224
4.2474
5.2828
6.8651
7.4462
5.7063
7.0950
6.1124
7.7760
12.0909
1.1805
2.4691
5.1543
1.4116
3.4759
2.4951
3.4315
2.0164
10.9089
3.5905
4.2395
6.6309
3.1448
0.5644
3.8975
6.7582
10.6320
7.6908
3.8492
5.0745
3.8621
3.0018
5.6759
1.3976
4.8571
13.9234
5.8954
6.5272
1.9457
7.5282
9.2393
10.0289
7.0601
4.7524
3.2156
6.6354
7.6892
3.4312
1.9721
22.4001
4.2649
11.2757
5.7185
4.9739
12.3930
1.7652
6.4779
3.9732
5.8980
23.4456
3.5844
14.0952
1.5646
9.1827
1.9619
17.7083
4.4775
0.6295
6.7102
0.8104
2.7662
2.0650
6.0843
8.0574
2.4495
9.0184
7.5259
1.5322
2.2174
8.5370
3.3943
2.0953
1.2587
4.9082
5.2980
7.8981
7.0085
5.3952
3.6382
1.4532
3.9874
8.2594
10.4242
6.6889
2.5922
2.9939
4.2876
0.6529
3.7956
7.3747
5.5459
8.7796
9.9210
3.3116
4.2904
4.2587
7.3028
2.3780
5.6241
8.0323
4.1208
7.6195
2.0829
7.4485
2.9020
2.2893
4.6854
1.0762
4.1150
25.6725
2.4533
4.1392
4.0485
1.4622
5.3149
1.2736
7.1156
3.8932
3.8839
4.5157
8.3671
7.6299
17.6658
2.8226
1.7767
4.8547
4.1720
6.7897
6.2561
18.9514
23.1491
5.3033
4.4416
5.1087
2.1734
7.0537
0.4083
15.9242
4.4803
6.9758
6.0269
5.6718
1.8318
3.6606
4.5648
3.6097
1.0899
5.5600
6.5065
2.6782
3.4771
4.0380
4.1474
8.4807
1.1368
7.8646
2.6465
5.9060
9.2884
6.3611
4.4912
5.3881
10.3880
3.8910
2.6809
2.7174
7.1904
2.5727
6.0030
4.5147
2.6679
8.8694
14.9810
2.6727
2.9214
3.8062
2.7984
0.4180
1.0601
7.9092
21.9333
2.8219
6.7638
8.2948
6.0401
6.2065
5.1978
4.1239
5.3079
6.5101
2.4728
10.8154
5.1082
7.1037
5.0206
6.1528
7.8350
3.4827
3.0761
5.3820
8.2624
6.2152
3.7118
3.3258
7.3628
7.7729
3.2164
6.6533
8.6886
7.2733
7.9694
7.7831
16.1100
1.2194
1.7278
8.1101
11.7039
3.8038
4.6118
0.9771
2.0825
3.9449
4.9451
18.1480
1.9234
1.9745
3.3944
3.0316
2.5707
4.5849
23.3497
5.2657
22.2830
3.3220
5.7537
0.8066
4.7270
3.0655
29.1047
9.9917
15.1047
2.2143
2.7040
1.8543
3.2198
5.5588
5.3463
9.7681
9.7431
3.8590
3.4277
7.8261
3.7251
1.0567
5.7346
1.7694
1.9802
4.2330
6.0054
10.7688
14.4094
18.2748
7.7363
3.9134
2.9911
1.9186
0.5897
4.6355
2.5351
3.2166
7.5824
1.0258
5.8854
7.5100
5.4347
4.5995
14.4613
1.9431
4.2176
3.0534
6.2743
3.1531
3.0828
4.1345
3.9279
1.7528
8.4433
8.4939
3.0632
6.5097
6.3890
7.8169
5.0767
4.1734
40.6922
1.7803
2.9517
7.5788
3.3485
8.3370
2.5720
3.1439
4.1047
6.9237
7.5428
6.5258
1.8658
6.9440
5.1229
3.2473
2.9110
6.3938
6.6185
24.2320
11.4273
5.4467
3.2885
7.7382
3.6017
3.2956
4.3593
5.3201
10.1362
3.1746
1.9952
2.8116
5.7857
7.2328
3.0452
4.1665
9.7792
5.6934
1.5529
1.2132
1.8286
13.7626
11.2693
3.3482
44.1945
3.9762
3.9206
4.5423
5.1853
7.8697
4.7044
5.3318
7.1473
2.5366
9.8411
2.0919
2.1801
10.9960
2.5009
4.1849
1.7819
9.3373
3.1193
2.4398
4.0760
6.6351
0.1575
8.5273
3.4020
6.4361
5.3177
4.7678
2.0471
5.2214
28.9806
5.3485
11.9187
7.6637
3.9423
3.6356
4.1670
7.6926
3.4933
6.8776
24.8100
23.1600
25.6649
5.1243
1.5132
6.1032
5.4691
1.3188
1.1126
9.1379
5.3309
1.8815
6.2385
2.9933
1.0269
4.8483
9.6535
6.5220
5.5007
8.7722
0.9584
3.9660
7.4081
6.0457
6.2570
10.0067
11.0919
4.5551
7.8052
7.7902
7.4643
3.6705
5.1236
3.5628
7.1258
8.6775
5.6700
10.5856
3.3331
5.2871
0.8778
4.5535
5.0698
20.7664
8.7817
5.2948
4.2244
6.1682
4.6836
0.7661
4.3484
2.7793
5.3510
5.7351
5.3014
2.7956
4.5466
6.8583
4.5351
10.0436
4.0338
8.6796
4.2882
11.1606
3.7510
12.8026
7.7144
6.1567
1.8872
1.3272
3.2536
4.2087
4.9281
7.3573
2.8460
9.7746
3.1539
14.5725
6.6619
5.2311
5.5347
5.1229
5.0976
14.2199
2.0146
0.3623
2.5289
7.1022
0.9488
1.7976
3.8048
1.3448
2.0409
2.8837
3.2325
3.0917
12.3426
7.3185
14.1402
14.3611
3.9268
2.9160
1.2211
5.3810
4.6421
2.1594
20.6003
6.6984
10.2055
8.0951
16.8846
7.8423
3.3042
6.7681
4.5272
6.7588
31.9381
7.5028
6.8197
3.7305
3.4045
2.9210
7.2152
5.5068
7.1893
13.4161
5.0750
6.6378
1.5394
37.9231
7.2298
13.2467
12.8244
2.0568
5.0555
4.2219
5.7265
7.6091
3.1959
5.3243
6.1167
7.1193
4.4933
5.0737
2.7008
3.9203
5.5710
10.3197
6.0337
3.3132
2.1600
6.8374
5.7317
5.3942
4.1131
4.7995
48.8094
7.0405
5.6025
1.7581
8.9872
2.0246
6.7700
5.6462
3.1270
1.2065
2.6172
6.3502
10.8545
5.6918
4.4954
5.0705
3.7396
3.3666
2.3501
3.2297
6.6249
6.7533
5.2064
1.3607
1.1661
10.4438
4.4362
5.2010
2.3420
6.0361
7.7574
6.6915
7.8045
4.0889
5.3023
5.8950
17.5438
6.0422
8.7960
2.0442
1.3919
8.2850
4.4756
31.4550
3.1856
1.5777
2.0438
7.8608
2.8663
5.5093
0.8195
2.0508
1.7316
45.2042
11.8367
6.9661
3.0675
4.3647
3.7194
1.0974
9.4863
2.8002
10.8608
3.9393
11.2683
1.8264
4.4991
7.9562
8.3066
5.5242
2.5180
8.5307
7.4071
5.3760
2.0414
2.1513
8.6951
43.3138
4.6307
6.6758
2.8054
4.4644
4.2729
4.0329
5.5710
29.7908
5.5391
5.7678
0.2603
4.4780
5.4184
4.5455
2.7418
5.6039
1.3938
4.6800
5.6181
7.5376
0.9926
6.2957
4.0555
4.3506
2.2463
14.5582
3.4971
3.8967
1.9463
7.9287
6.0819
5.3860
5.1394
17.9511
0.7778
5.6172
2.2924
4.3733
8.0873
1.8855
2.7090
4.2454
1.7556
2.5177
0.5145
9.1312
7.0716
3.5190
1.4660
4.2366
8.7330
3.6641
3.4306
10.2156
4.1329
5.4635
3.5458
8.4327
8.4886
2.3715
4.8418
5.5942
1.4605
0.9922
3.5034
5.3934
5.1352
2.7387
2.1067
3.0167
7.3562
3.5733
6.4187
3.4843
8.1144
0.7948
2.0839
6.8815
3.8869
8.4035
4.2097
5.0187
7.5212
9.0810
7.7133
0.9376
2.4696
7.4021
6.5425
8.9169
6.1387
2.8736
8.0369
2.8553
7.6598
2.3893
8.7887
6.4069
4.4557
3.4210
2.9378
13.0198
46.3676
8.4470
2.2691
36.5369
5.6113
6.4160
10.6259
1.7759
3.8574
9.1026
3.8713
8.8122
3.8205
4.0672
2.0378
1.5008
5.0712
6.6014
11.3198
3.2790
3.1751
7.0079
4.2337
1.8762
3.7830
4.6259
7.1426
10.5764
2.2772
5.1131
1.2154
6.3362
6.8918
4.2539
5.4628
4.0272
3.3321
2.7105
3.2859
4.6278
6.1604
8.2240
6.6601
8.9566
1.8039
4.9089
6.1051
8.7183
0.8495
9.1664
49.6460
6.1983
40.3311
5.3493
2.6664
9.8052
1.2295
14.2745
3.3928
5.0232
15.7574
2.7386
1.4764
11.4784
3.7520
5.9482
4.5012
9.8781
13.4222
3.6264
4.4681
7.3752
19.5713
5.3748
3.9686
6.0162
6.0406
10.5713
4.0748
11.0492
3.5209
5.7443
2.0451
5.4348
12.5157
48.2350
8.4241
13.5307
2.6178
6.8239
4.9918
1.9431
5.0652
6.8140
2.4528
7.9173
5.2567
2.7248
22.0597
1.3230
6.5672
2.7343
7.0023
2.8197
2.9003
1.7396
1.7846
2.9957
4.0606
4.7925
7.7439
6.0894
3.5954
4.2157
5.7414
6.2603
6.9497
23.4227
8.5982
5.6188
5.4071
4.5622
0.4493
1.1140
7.1931
4.3472
6.0348
5.1963
8.4646
17.4281
1.5310
7.5012
5.2660
2.8702
0.8257
2.9768
7.9144
6.6130
6.4916
3.0741
2.7142
8.3431
3.6884
15.1208
5.5651
9.6515
4.2045
6.5582
3.6759
8.8722
1.9492
5.4467
9.7805
6.9883
5.7342
3.5003
5.5000
8.5625
4.2839
7.0156
6.6206
8.9506
28.9749
5.2649
39.7471
6.2355
1.8457
7.9243
5.5133
45.5550
4.7283
7.6471
10.0917
6.2467
7.2098
4.4146
0.8230
4.1678
9.1513
1.8879
5.3168
3.6732
1.4240
7.1101
4.3603
6.5905
12.1472
0.7379
4.4941
1.3376
2.3985
8.3470
1.3472
1.7951
1.4961
5.9095
2.1963
8.2981
3.9388
13.8374
10.6081
4.2489
6.1228
6.4392
4.2910
1.9976
2.7050
12.9716
4.4466
3.0717
7.3849
4.0769
7.1791
6.5964
3.1593
3.1864
1.6072
3.6729
5.8946
6.0671
11.1658
8.2643
7.3536
6.2188
6.8325
4.5032
2.1086
4.9499
1.0424
7.5142
3.2489
11.5916
3.7036
4.3351
5.5658
9.9596
2.9375
7.1526
8.2045
2.5544
3.0690
4.9567
2.5837
2.6717
10.9940
5.5502
14.8675
11.2692
5.9829
3.3067
6.4863
1.5704
2.4435
3.1196
4.1919
4.0425
5.9003
6.3624
5.0883
1.1469
5.8345
2.5360
1.4528
7.3365
1.3573
4.7185
45.1078
3.3062
7.4330
3.7074
4.6275
3.9096
1.5088
2.8472
1.4002
1.3309
7.2177
6.0547
6.8210
8.8978
7.1648
4.2647
5.0810
5.1999
3.7300
8.0587
5.3058
3.9272
5.6104
7.2252
5.3649
4.9035
8.4252
6.9435
9.0691
8.4988
1.4881
1.0807
8.9898
2.1215
4.7567
6.9863
5.6952
6.2960
1.6694
4.4891
8.9940
5.4915
48.1227
3.0850
6.4020
3.9413
2.3157
6.1959
4.3321
3.1965
2.5234
21.6924
4.5756
7.9053
7.8168
6.5624
5.6460
7.0312
5.9857
0.8220
4.1804
5.4962
33.7457
1.9000
3.8994
4.6940
6.9589
9.5411
9.7785
10.3166
2.1952
3.4527
5.4392
8.0444
2.8355
7.7775
8.6738
4.5711
6.5414
4.8198
5.1262
6.1340
6.0843
7.1589
2.6449
14.7663
3.1365
2.6649
2.6294
3.5720
1.7291
4.8399
6.7654
8.0528
2.5718
5.6284
2.2876
0.7439
7.1781
4.3932
3.6601
1.7909
3.1161
2.9257
3.0042
2.5326
3.5267
5.6588
9.9540
5.0277
2.4365
3.4163
7.5438
6.0425
3.6091
1.6150
3.6874
8.7671
4.0209
43.0548
44.0404
5.6209
8.0317
3.8538
3.0132
5.3971
2.8049
2.5758
5.4216
3.5897
3.7604
12.2177
3.3734
1.9757
2.8497
5.7266
20.2320
12.9182
1.8881
4.3129
7.3227
6.6440
39.0521
6.5762
3.8187
0.4742
8.8720
1.0628
4.5823
4.2195
4.4446
10.7666
1.7234
8.7598
7.8462
2.0804
3.0184
7.0868
8.5140
14.6867
5.0339
7.5096
3.6081
1.3623
4.8397
6.1931
5.0044
2.1420
3.9363
4.2972
1.8760
3.4348
9.4531
7.2274
4.9482
2.0524
6.0042
7.9306
6.6301
5.6336
11.1108
7.6095
1.5074
4.1297
5.4782
6.2739
5.5891
6.8729
3.9199
1.2180
5.0630
3.7156
7.0954
5.0348
2.3316
4.1911
7.7634
5.2233
2.9393
8.3628
11.1821
29.6699
5.7963
8.3221
3.7850
6.6203
4.0028
2.8462
6.8394
5.6444
1.3046
10.8428
8.1702
4.3792
5.7695
10.0472
8.4331
5.4326
2.9318
3.2199
1.3682
4.2733
2.9412
3.8700
1.6036
6.7637
3.0097
3.0477
2.8011
11.3372
1.9031
4.4007
5.3759
3.9205
3.7324
4.6625
2.3868
4.8891
9.4342
6.8453
2.9822
2.3335
5.0442
10.0678
2.1030
4.4473
7.2610
10.3539
2.9572
7.2115
2.9608
6.7801
5.6489
6.8278
7.6688
2.7097
2.2721
4.5605
6.0872
5.1592
4.6825
3.1336
6.7482
3.4616
4.8615
3.2094
5.4376
2.6960
1.8935
2.4573
3.1554
8.2773
20.1651
3.8364
6.2113
3.4963
5.9779
3.8410
3.6010
5.1296
1.1483
4.4892
6.6924
2.7687
5.1487
6.3268
6.9600
7.2578
6.5240
8.2214
6.5938
7.0450
2.0277
2.8898
8.3640
16.4946
5.4137
0.9631
12.9092
7.6082
2.0761
4.7105
4.8059
4.1878
6.5397
3.1333
4.4667
5.5801
6.1496
2.3443
3.4225
2.7209
1.6680
9.2998
8.2065
1.6910
3.6855
8.3511
3.1320
4.4554
7.9208
12.1200
7.7941
19.0337
4.0488
2.5232
4.6413
7.1678
7.3718
8.6114
1.1844
2.7168
3.4540
8.1618
4.6099
6.3551
3.0562
6.2953
10.5895
2.3928
2.3641
4.0518
6.1029
4.6978
6.1939
4.0701
3.9118
1.9153
16.1741
10.3517
7.0032
0.8855
3.0069
7.9567
5.7831
4.9228
5.6440
4.4367
6.1677
10.5774
5.0328
6.9212
7.6096
5.7701
6.2165
2.3531
11.4004
2.3414
4.5772
4.1676
4.7147
5.4092
6.4759
1.5560
5.0981
7.4904
6.9172
2.2241
8.7528
3.4585
1.4997
4.3292
4.4851
4.4375
8.5778
1.6045
8.4960
3.7979
3.1915
3.4485
4.6634
7.0129
5.9272
9.3506
10.0419
1.5202
5.2393
3.4217
2.5647
3.0214
14.3702
7.2805
6.8408
1.8004
5.7029
6.6051
3.9514
1.9017
46.8085
5.5649
5.6396
1.9255
2.2586
1.6313
6.4778
2.9684
3.8899
8.6842
5.3375
5.4414
5.6426
4.1493
8.1432
8.3643
7.2884
2.5111
6.5811
17.1653
6.3001
4.6664
1.4324
3.2528
1.4671
2.4905
3.8218
6.8069
8.6314
4.9314
6.0717
27.3055
0.4948
3.3995
35.3239
1.5361
2.4612
4.6236
3.6273
3.9617
8.7950
1.2928
5.2055
17.4299
23.6245
13.1215
42.2881
5.9583
49.7868
5.3370
2.2909
0.5113
6.0329
7.2699
3.2339
4.5816
1.3404
5.6325
8.6084
7.9196
13.8863
4.6578
15.1775
2.1824
3.5650
4.8800
2.0535
5.3930
3.1605
5.9256
2.7297
7.8972
2.5438
3.1268
2.1264
4.1776
12.9312
5.6300
34.6874
3.8216
2.8120
5.3380
6.1244
4.1624
2.1608
5.6314
10.4781
9.2693
6.2160
2.2452
3.5983
5.7957
9.6320
3.9524
9.2471
2.3997
8.0764
3.9651
6.3594
2.4301
6.3410
5.7289
2.8591
10.7296
3.2175
3.3978
6.0860
7.5074
8.4791
9.0085
6.6222
7.8558
1.6985
5.0833
1.5016
3.5141
2.6901
10.7612
2.7686
8.1453
1.4977
3.9699
4.5258
2.5038
13.6822
12.8815
3.3933
5.5019
1.6430
5.8027
1.8313
4.0409
4.5423
4.0273
2.4275
1.0857
4.4807
6.6045
5.1789
4.3480
7.6594
3.3973
9.5676
7.2564
3.9788
7.8013
1.7250
5.6180
6.7776
2.8589
2.6057
7.4739
32.7428
5.5435
6.8849
1.4794
3.4160
3.4850
5.8560
6.2145
8.1881
7.9463
2.0890
3.1630
46.1834
6.9447
0.2227
2.1036
2.9848
6.3923
8.7040
6.3980
15.5036
4.6080
5.8594
5.7429
3.5628
5.1455
2.7568
8.4078
3.0813
4.5395
3.4125
10.6575
6.8251
9.3415
3.9598
3.7614
4.2785
10.0265
10.9886
5.0431
2.9604
7.4234
6.4493
4.3814
9.0632
4.5993
6.1220
6.4734
3.1094
0.1327
3.0154
8.2295
9.0649
5.1655
4.5902
0.2938
1.8845
2.8781
7.2143
4.2289
3.2843
3.7184
6.8900
4.0823
1.6616
3.3504
5.4349
5.5226
9.2969
9.5858
6.4429
5.5277
7.2590
2.8056
6.2229
0.7108
7.0120
7.4345
10.1899
5.9906
5.1155
1.2069
9.1412
1.4160
1.2457
2.0488
2.7052
5.4886
1.9393
6.3439
6.3180
5.6940
0.6351
8.7076
5.4657
7.3720
5.0823
6.4943
2.8865
6.2945
21.2039
2.3578
3.8506
2.5764
7.8796
2.1487
5.5683
5.5956
7.4737
9.3026
7.1559
4.4852
3.6409
2.1772
0.2524
3.3956
2.6664
4.2173
3.4938
2.0972
7.7560
4.6412
17.4213
5.6173
4.6844
11.4371
1.8658
6.2102
4.2682
6.0013
5.1905
10.2700
2.9733
10.6989
9.2780
7.9059
2.7130
4.2518
6.2578
3.6879
2.7796
1.0252
2.2436
1.3008
5.5782
2.2424
3.5039
3.5006
0.8246
5.1286
4.0282
4.2111
8.0377
9.1884
11.2557
5.6298
8.0464
4.1554
6.6812
0.8052
12.7550
6.4996
2.8339
6.1192
2.3118
1.2301
5.1788
5.0674
4.4248
6.6468
3.8545
3.9137
1.7391
11.8627
9.1257
1.2958
1.2123
6.4501
1.9992
18.9519
8.1053
4.7666
8.8205
5.4642
0.6986
5.9398
2.7215
3.2265
7.6095
6.3383
1.8859
4.5892
1.5392
2.9953
0.9716
3.4038
4.0721
2.5167
7.5845
4.3235
4.3126
2.4841
4.5098
4.5744
2.4570
3.4411
7.9913
1.1502
8.2955
4.0949
3.9743
22.0312
5.0745
1.8735
9.3692
1.2024
4.7556
5.2308
3.0398
2.6855
2.6361
6.3148
4.8645
3.0624
7.6074
6.9872
1.8371
10.3901
19.2483
7.0657
6.8195
2.7667
8.0995
9.5056
5.3223
7.2409
6.7046
3.2726
6.6248
2.9664
0.5921
9.0703
9.2433
5.3511
1.5270
1.8520
2.1367
2.6306
6.6549
0.3442
15.5141
5.7589
3.8144
2.0418
0.6186
6.6132
8.6307
3.6485
1.0883
3.8613
4.1123
1.6405
5.9316
2.8152
8.1430
5.4039
5.3857
3.9928
0.8873
4.5547
4.3499
7.3698
2.7876
8.4627
4.4501
5.9445
5.5281
5.5321
1.7611
4.0917
3.6771
1.0067
5.6968
6.4281
2.3518
10.9973
5.0084
2.5847
5.7279
3.0024
3.5293
4.0160
4.1514
9.1491
7.4097
0.8242
17.7116
11.8699
6.3040
13.7609
7.5106
4.9256
1.4394
7.3540
1.8022
7.5856
9.6110
1.0383
3.9343
3.9387
6.1446
8.0178
3.5591
2.7773
5.8846
3.4360
3.9481
6.5643
4.7962
8.3962
4.6591
5.9402
10.4613
10.4962
25.6351
7.1867
6.0925
3.5065
5.7050
1.1628
7.1725
4.6476
2.9396
4.9494
3.3454
0.1172
2.1196
34.7063
2.8750
2.1095
2.0418
8.6037
18.8098
3.4837
3.7802
7.2618
4.1444
1.5619
4.7101
4.9949
1.5868
4.1937
7.0828
5.1354
5.3912
3.9190
10.2225
4.2035
4.1765
5.2149
5.0271
1.8603
7.0062
5.1299
2.8731
4.9953
5.9149
4.6693
10.4452
1.8249
2.0359
3.1104
8.8263
8.7152
2.7312
9.0525
8.0544
1.5223
4.0978
4.7726
2.1187
5.1882
5.1311
7.5499
5.6142
5.8708
6.2192
6.2738
7.4742
1.8552
