# Milk Blob Data Set:
# P=30
# Tau=600
# delta_P=10
# 
8.8798
8.8519
1.6175
4.4043
6.9927
9.2678
7.0881
8.1924
7.0671
6.3518
8.9639
6.4660
3.8454
8.9787
6.0133
1.1083
6.0561
8.3653
3.6278
7.7785
4.2349
9.5433
9.9818
5.3811
7.2684
9.9700
6.1077
9.1434
3.5713
6.3269
7.9887
9.6266
3.9161
4.6872
5.1497
0.4225
6.9360
8.1520
7.6831
5.6509
4.7774
2.3210
9.3789
9.6310
3.6074
9.2924
3.8388
9.2074
0.4556
6.9771
5.8538
5.0141
5.4406
0.2599
9.3448
7.5205
3.2551
1.9222
3.1154
3.2197
9.1836
0.0712
6.0019
8.2912
7.1409
9.7205
7.9864
9.5159
1.3369
8.3797
3.3678
8.0141
7.2343
8.7419
9.9073
6.9760
4.6890
3.4326
8.1308
3.9565
4.7722
6.7033
5.0997
7.1039
2.6031
5.9820
6.9991
2.0852
1.8436
2.2610
4.5097
3.1574
4.9158
1.5415
8.2813
6.5593
4.7846
8.2963
0.7069
7.8250
0.2146
8.0318
3.4399
0.6973
2.8117
6.8667
1.3402
8.4506
4.2575
5.1956
7.7626
7.6377
3.4480
4.5699
2.4067
2.6289
4.1724
6.3492
3.0368
5.8394
3.6383
6.0292
5.7504
2.1942
9.4883
2.9635
0.7165
6.3478
9.0296
6.3558
6.2344
8.4787
1.1681
1.6256
7.0441
8.7157
2.7158
6.6343
2.2983
8.6858
6.4727
4.8551
6.7263
6.5251
5.5968
5.1374
8.7481
2.4843
8.9033
8.7378
7.6973
4.3334
1.5068
0.9524
1.6383
0.7947
0.8946
8.0924
9.9835
4.1368
6.6039
8.6039
2.9180
3.2380
2.6535
2.6422
7.1053
0.5870
0.8097
3.6017
8.8510
8.6216
2.9338
2.8073
2.9818
8.8301
1.5696
3.7667
6.4641
5.4619
3.7325
1.8256
4.3175
3.5717
4.7829
6.6092
4.2049
3.7147
3.3116
1.2155
1.9405
9.2668
8.7522
4.6545
8.5767
2.0348
1.5691
4.6939
1.5171
4.5765
5.4015
0.7604
7.5862
3.4472
7.0440
1.8671
2.8728
9.9414
5.5078
0.7398
0.4391
0.2830
0.9126
9.6978
6.9863
7.6048
1.5119
7.1250
8.0604
6.5235
8.1330
5.6632
3.3718
1.4687
2.4730
6.4389
4.0623
6.9556
5.8163
7.4452
4.4190
4.3604
4.6355
9.4952
3.0809
0.3153
4.3821
2.9199
8.5011
9.3806
4.6678
6.4234
2.3239
8.3653
0.6066
3.0998
4.2195
4.0771
7.5862
4.2430
3.1251
1.8420
6.1250
9.9053
7.7165
3.7879
7.8572
4.6143
6.7411
2.5677
4.2174
5.3097
4.8427
4.0388
9.3830
2.5431
6.1505
3.9569
0.8411
4.2345
1.3694
7.0931
2.3429
8.1446
1.3475
1.7050
3.7287
8.4233
0.3442
1.0444
3.3934
2.6536
6.9735
2.4282
9.1841
6.8597
1.5087
0.3047
2.2969
9.1263
9.5180
0.5206
6.4516
1.8958
0.6416
2.0127
1.8562
1.6720
7.2277
0.8056
6.5447
8.0725
1.4201
0.7159
6.6518
9.3642
4.1071
2.1768
9.3588
6.8007
4.8949
5.2882
6.0680
9.1313
6.4582
8.4470
3.3370
6.0553
9.4534
9.9528
5.7316
6.1999
9.4237
7.2344
3.5715
6.6289
4.8315
6.8642
9.6574
0.9780
9.5602
3.2587
6.5817
5.3147
8.1912
2.2400
7.9782
2.3700
0.8103
2.2962
2.3709
9.8707
3.4367
0.7949
1.2806
3.4969
0.8493
1.2862
1.7371
8.9750
4.9110
0.5635
3.2700
6.7614
2.9851
1.3979
5.6292
7.4487
7.9279
9.7534
5.2471
2.4403
8.5500
3.3197
2.4041
1.9195
1.2106
6.2195
8.5351
4.7964
7.6316
3.1311
2.7260
7.0472
2.9032
8.2302
4.1837
5.9565
0.9486
5.4364
9.4475
0.8593
3.2878
4.1318
9.8218
5.4596
1.6144
2.9702
5.8558
8.0457
4.6346
6.8162
8.9346
9.6275
1.7242
5.4898
0.7328
6.2051
9.8011
0.4764
0.4667
2.4311
4.8592
1.5342
1.5829
8.6881
4.1474
7.6247
1.8394
8.7006
4.9209
5.1833
2.6434
1.9956
8.2651
2.9456
1.4376
6.7935
4.1695
3.1091
7.0121
4.3875
4.5908
6.8520
4.9078
7.1262
5.8801
9.8735
3.9337
9.0325
1.4376
0.6878
4.6879
1.3126
2.4701
2.1214
8.9097
5.6793
1.8326
6.0049
4.4085
8.3278
1.3745
4.2693
3.6697
5.9521
3.2715
5.9688
3.2305
6.7680
0.6939
3.7678
1.7072
2.2681
5.8219
0.5299
5.8183
9.9385
4.8182
4.5397
8.0647
1.3622
5.5016
2.4732
1.4955
4.2791
6.5483
4.2898
9.6331
8.9256
0.6501
5.9641
5.9463
2.3690
2.8310
9.7475
6.0025
2.8372
1.7938
3.4593
6.0855
4.8319
1.3893
4.7353
1.6957
3.8308
4.3298
1.1638
5.6435
1.8696
3.8097
6.9394
3.6042
2.8388
7.6548
7.4255
8.8674
3.2330
3.4463
8.4192
1.3267
8.1144
6.6973
5.6539
4.7292
6.9984
5.3852
3.5195
5.3391
1.3945
4.5047
0.6213
3.2059
3.2709
8.2960
6.0261
5.3355
9.2744
0.9326
6.5739
8.4604
3.5890
2.3952
0.7366
6.4445
9.2837
1.8279
6.0421
8.5791
6.1238
4.4229
3.3871
5.5348
0.9141
1.6338
8.4309
3.0910
6.2750
1.4329
2.5751
8.2078
2.2627
3.7910
4.1347
5.9362
1.3883
0.4564
3.1227
0.9072
2.4324
1.9659
4.9731
3.4302
8.7322
7.3740
2.2260
8.3846
0.7267
8.1790
2.8775
4.3940
1.1003
1.6810
3.1874
6.5369
1.8586
2.0049
7.4381
2.6973
5.3582
3.1988
3.9755
5.8697
2.5705
5.5047
6.8883
3.0342
6.8551
3.6436
6.9181
6.6864
1.0934
6.1395
9.2485
3.1565
5.0802
4.5360
1.3677
3.9674
6.3102
3.0735
8.2788
6.2819
0.4462
4.2950
5.6715
0.8814
6.5577
6.8332
0.7734
3.5703
2.0599
9.3166
0.8438
8.8382
8.0116
4.0314
0.8649
2.2072
3.3928
7.3046
8.3843
3.4671
2.8928
4.1533
2.9690
3.5989
9.4717
8.5528
7.7117
9.4990
4.0552
8.1340
4.1677
3.7689
2.5128
8.3797
0.9658
1.0360
9.6635
0.5856
1.8473
1.1443
9.8878
9.9847
2.1435
6.1373
6.3244
5.3909
7.5789
4.0266
2.8413
8.3873
1.1954
3.6139
1.7771
1.2721
8.2013
3.9263
8.0009
9.4534
4.6693
2.6173
9.8078
5.8920
8.2412
3.7721
2.1684
2.8746
2.6755
4.7450
9.2866
1.9386
2.6484
3.6497
4.0288
7.9551
3.9277
3.9483
1.0215
2.7599
8.6200
6.0667
9.7194
5.6218
6.4388
1.7258
4.5871
5.8050
3.9736
2.6206
9.3864
4.6082
9.8712
1.1764
4.7887
5.2709
3.9144
0.9502
0.6158
5.4798
1.6321
3.3795
9.2829
3.7174
4.7080
8.7076
6.0196
5.1533
3.9583
3.3996
1.1037
3.8024
2.4220
2.2834
8.2120
9.0091
5.3829
8.7675
1.9094
7.4401
9.4463
9.6101
3.0588
4.0588
1.2723
2.1531
1.1585
0.5662
2.3839
4.8629
2.5026
3.5370
2.1569
3.2679
0.5211
1.2242
8.7899
6.3286
7.0300
5.6926
0.7186
7.5884
0.9908
3.9560
3.8775
3.0232
9.4276
9.1374
5.1255
4.3817
9.2357
7.1008
6.3088
6.9570
3.4207
1.1567
5.0850
6.6598
2.1916
4.5837
7.5540
3.3771
0.6340
0.8390
8.6331
1.0875
2.4619
5.4163
1.4631
3.4176
8.6950
8.1589
5.6354
9.7689
6.0488
3.1301
4.2269
1.5711
4.9189
8.1407
0.8766
2.1992
3.8891
6.4547
9.9759
4.0728
4.6000
7.2594
6.9052
3.1397
0.8935
8.1186
1.6690
1.8894
8.1282
5.4617
1.7220
5.0445
4.3901
1.0135
4.6349
0.8177
8.3504
0.7867
2.1051
8.3653
4.1485
7.3997
2.2277
7.2368
1.3546
9.3057
7.3751
1.0424
6.7368
5.1863
0.9685
0.8261
0.7053
0.8877
6.5240
6.7204
8.1955
7.0194
2.9164
7.5360
1.9612
8.7778
5.6151
1.7909
4.3482
4.1306
9.5020
1.3611
8.8664
6.5157
0.7108
8.4161
5.9977
0.7815
4.4399
1.5437
3.3462
5.3921
5.7355
5.0137
9.6291
3.5499
1.9991
6.2165
2.0592
9.0208
2.4232
5.1055
1.7392
0.5954
8.4240
3.6527
2.9854
4.4835
5.3279
3.2600
7.7150
4.8164
9.3136
3.0960
6.0390
0.5539
8.0535
5.2752
6.8403
4.9139
5.4197
1.6613
7.9107
2.3609
9.3713
2.6695
5.0824
5.4319
2.0189
0.7256
3.1337
4.3826
8.7612
4.8468
7.3220
4.2778
2.4548
2.5587
7.9828
4.6882
4.3858
3.0649
8.9233
2.2280
6.2225
2.7387
6.7709
3.4293
5.4790
0.8852
6.1734
2.9434
8.9170
1.2293
5.2442
1.8239
1.8974
9.7411
1.8364
8.4030
2.5697
5.1199
8.0453
4.3865
4.7260
8.9923
1.2264
7.4589
2.1214
3.6254
5.4999
1.8636
3.9994
4.2827
2.9974
8.2707
9.8025
9.0897
1.2331
9.1868
2.4553
4.6031
1.1825
1.4162
2.5478
4.1160
8.2735
6.2992
6.5212
7.7530
3.9999
6.2195
4.1400
5.6652
1.5509
7.6718
9.9524
6.2765
7.4366
7.0762
6.6211
3.3192
9.4143
1.3767
5.6795
3.2491
4.6585
2.1161
3.1328
9.8217
2.8151
9.0093
1.4203
5.1300
9.9007
6.1927
9.1551
2.6853
9.7068
8.9509
1.1774
2.4354
9.2119
8.7445
2.8418
7.3491
1.4172
3.0604
1.5564
1.4175
5.1412
6.1349
2.9324
2.6560
7.9431
4.6467
8.9594
2.4517
3.1957
5.1932
3.4305
0.6016
5.4225
5.2035
9.2734
1.3356
3.0918
6.9639
5.8322
7.8720
5.9638
3.3520
4.8437
1.6347
8.8863
1.1712
1.9337
1.4793
2.3480
2.4002
3.2567
2.3019
0.8403
8.5635
6.0412
2.7277
2.6154
5.3879
1.4744
0.9927
8.8049
9.2881
5.2899
4.4275
1.9468
4.3512
6.2010
5.5805
4.6273
1.0426
4.1068
5.7677
9.9328
1.4755
1.0026
4.2190
5.2495
0.8425
5.8950
5.0124
8.5059
6.7650
8.7918
4.9489
9.6327
3.7062
8.6631
3.2866
8.4421
3.0551
0.8485
5.1441
7.8865
0.8550
1.4872
2.6216
7.3814
7.7172
8.0920
6.8514
8.1998
7.6744
7.8164
4.0686
0.1549
7.9764
0.7976
7.4559
9.2411
3.4595
4.9492
7.0729
3.1482
6.8384
7.6286
0.9031
0.5278
8.5408
2.8686
4.1248
4.2414
6.7855
2.8503
1.3482
4.8153
2.0583
9.8419
2.5354
3.5105
5.3238
6.6097
9.8248
7.7719
0.4606
4.8236
3.9076
4.2391
9.0456
1.3196
3.2155
2.3560
5.6081
4.7435
2.4707
8.7502
4.2368
7.8566
3.2294
8.3350
6.7381
1.9417
3.5363
8.4853
7.7780
1.0541
4.4904
2.9209
3.6555
7.4703
6.1375
3.5607
3.6684
3.0668
9.9779
4.1271
2.5783
8.8588
3.5935
4.7129
2.1100
4.7195
1.8291
3.1071
4.7759
3.3433
5.2990
7.2545
9.0536
1.8691
0.9731
6.9257
1.3271
1.7954
5.3464
5.0989
6.7794
5.8875
8.6712
2.2122
6.2141
1.2056
7.1415
5.9335
1.7597
9.3737
5.0857
6.9322
5.3677
4.9047
5.1759
3.8731
5.9285
5.1862
1.6225
6.5003
1.8861
0.6895
2.0137
4.8399
4.8589
4.9040
5.5155
7.5027
6.5973
0.3910
0.2736
8.3275
6.0511
6.7448
2.3918
3.0872
0.1720
9.9610
9.0146
9.2166
5.4853
3.7891
5.3758
7.9912
1.2623
6.8665
1.6230
5.9635
5.1786
0.4667
7.1733
7.3200
4.2025
4.1704
7.8815
7.8980
3.3732
1.5114
9.1357
7.4546
9.4031
8.4841
5.0064
4.9613
9.1547
6.5885
1.6455
5.0039
8.6589
9.6995
2.2918
1.2687
2.1901
8.7190
6.1508
7.6183
9.9674
4.2447
0.8480
2.9692
6.0916
1.3744
3.1910
4.2139
4.8206
3.3344
0.5068
7.2234
2.2740
1.5284
9.4420
2.8599
5.8966
6.6405
6.0287
4.8032
9.9196
4.6608
7.0917
5.9667
8.4589
4.0753
3.6965
1.1413
3.1262
7.2419
9.0390
3.5016
3.3988
7.3745
8.0463
2.8368
1.7437
2.7722
0.0508
6.8210
6.0226
1.6122
1.8284
8.6271
2.0381
7.1374
1.6437
2.7087
9.5646
7.2468
0.5743
4.1384
9.2707
7.7923
9.1458
6.2428
4.3879
5.0741
2.6659
4.4221
3.0321
4.4739
7.3343
9.8374
4.3143
1.5967
1.0126
5.2145
6.5935
2.8256
1.9075
6.3970
1.1840
5.5257
2.4548
3.8647
4.3822
3.8826
5.7366
1.5739
2.0412
6.3505
7.3280
1.0451
7.9029
2.4067
7.2922
6.0473
6.1929
9.1744
4.8844
2.2491
9.2921
8.0524
7.2797
4.0788
1.2769
3.4788
6.6108
9.6608
1.0936
6.0830
9.0863
1.2671
8.4139
3.6121
2.1335
2.6087
9.4080
3.5073
8.2696
6.9482
6.8112
4.4887
4.4038
3.0175
8.7080
3.7352
3.6774
4.0702
3.7907
5.4535
3.7705
5.7575
7.2566
7.1693
3.9229
1.6357
1.4723
3.3216
4.0427
3.3030
5.9389
9.8513
6.4791
2.9221
6.8709
3.7774
3.6911
6.9226
4.2591
0.8712
1.9075
3.3320
1.3614
9.6000
5.7086
2.2595
8.2742
2.9594
3.4357
2.6141
2.9534
6.5998
2.9784
6.7303
2.2090
2.3002
0.3751
1.5373
1.8943
2.0684
1.1473
1.0811
3.4023
8.6766
6.5993
6.7250
8.9436
5.9467
0.8777
3.4290
3.7195
2.0898
1.8813
2.1770
9.2687
5.7329
6.7973
4.4744
4.6113
5.1639
3.5952
9.2649
0.6282
4.4280
3.8280
4.0570
7.7992
3.6249
2.7928
1.0228
3.2147
1.9651
4.8371
4.5426
7.6723
4.2536
1.0001
3.1210
0.8225
8.4263
1.8964
2.9036
4.1882
2.0144
2.8197
8.7974
2.2642
2.6166
8.0611
8.5924
4.6327
8.0929
4.1170
6.1490
1.0503
1.5051
1.4959
5.2204
2.7683
9.6758
7.4864
1.9313
7.8938
6.7308
3.4168
1.5090
2.4485
3.3535
1.5529
3.3827
3.4428
3.8704
0.6918
4.5178
5.0842
7.3746
5.2143
3.8613
8.3917
2.5887
3.4093
2.7358
5.7198
0.4918
2.8945
4.0671
5.5947
7.9285
5.0069
6.7206
4.6136
8.5949
5.5592
2.9574
6.5728
5.2684
9.2855
6.0583
6.6400
9.1262
7.8081
7.2201
9.1236
4.5523
8.4232
8.4409
7.2824
9.2235
5.6782
6.4943
9.7466
2.1930
6.0776
7.2160
1.2048
7.6850
9.1298
7.8538
4.1694
1.7884
2.9380
6.8043
8.4955
6.5207
0.9000
1.9710
7.4314
4.4766
8.9534
1.9398
8.9177
1.2104
7.2125
3.0472
1.1341
4.5033
3.4319
9.2860
1.0727
2.3947
0.1173
2.5717
1.8914
1.4138
2.0470
2.2230
4.4989
7.6773
2.0358
2.9416
2.0547
9.2942
1.0423
6.4531
3.1067
3.0981
2.7580
1.9733
8.9363
3.5928
5.6543
2.9056
9.2238
6.7023
1.4805
8.6630
3.4598
9.7692
7.2337
0.3057
7.5527
0.9956
4.8315
9.3185
3.8250
6.6043
8.4769
8.4381
0.6800
8.7331
2.0582
1.8705
6.9136
1.3977
6.1013
6.6024
5.7312
7.1712
2.5628
4.8282
4.6735
8.3521
1.2156
4.1132
4.0249
1.9593
2.6513
1.1483
2.4739
8.2984
3.9254
8.6668
9.5856
0.8685
1.8025
1.9107
1.0610
2.1564
4.3362
1.4158
3.1921
5.0104
1.8698
2.8585
6.1383
1.1157
4.1528
2.2679
1.8610
4.9891
5.1475
3.5407
2.0797
7.8487
2.5993
5.1097
2.3690
8.2337
4.1775
1.0594
0.7496
0.4428
5.9238
8.5861
5.0039
1.6410
4.4392
9.5896
7.5870
0.9209
7.3410
3.8027
1.0759
1.2560
8.8301
0.9373
2.5723
7.8138
4.7424
8.9569
1.6994
5.8278
8.3488
3.3372
2.7160
1.3364
9.2095
4.0138
4.4285
4.9720
8.6171
3.1126
1.6461
1.7636
4.3774
2.7752
5.0949
5.0188
6.7900
2.1167
1.4616
7.2863
5.2581
1.4774
9.2517
1.6226
2.9672
7.1665
8.4494
5.4452
2.5835
3.9368
4.7523
3.3546
8.8234
1.8063
2.7791
0.5784
6.8484
3.2616
3.5049
8.1694
0.4171
2.1699
2.1203
1.9361
9.2962
9.4683
3.3187
9.6437
7.6723
8.7494
5.0823
2.3617
1.4575
3.2586
4.3818
2.9889
0.2848
3.0702
5.6340
3.3353
4.5674
6.0634
2.7963
1.1017
8.1255
1.9930
8.3877
7.3759
9.4013
9.3139
3.1818
2.9124
2.3567
3.1956
2.7401
3.5370
6.0167
0.2572
8.9698
9.9300
1.1511
3.8974
9.0023
2.6148
7.9688
2.6831
0.1884
5.0215
9.7386
4.4576
7.1965
4.3152
3.1206
7.2902
2.0476
3.9079
1.6552
1.2409
1.8439
1.8123
1.6514
1.9090
1.5422
1.6121
2.2352
6.2131
6.4932
3.3751
4.4012
2.1858
0.9619
4.0875
9.7538
6.2215
0.6451
3.5011
8.2764
1.3907
1.9323
4.1031
5.1785
5.8852
9.4553
3.3397
2.7545
1.8030
0.6005
1.2337
0.3460
8.6679
9.6202
4.6172
8.2759
1.4287
3.3290
4.1781
5.1744
3.8039
0.7327
3.5579
4.6507
3.3546
7.0881
0.4762
8.0119
1.8825
1.1885
1.6913
6.8246
9.5703
4.2322
1.6617
1.0804
4.8033
4.4170
6.4711
3.2551
4.8125
2.8958
1.9717
1.2377
1.1535
6.3716
0.2888
1.6416
7.6972
2.1684
7.6094
7.1418
4.8945
6.9298
1.0419
2.6246
1.6293
8.7814
2.7956
6.5134
1.1768
1.9985
1.3822
9.3802
7.5308
3.6834
1.1586
0.1603
1.2383
6.7498
3.7995
6.9461
7.2343
3.9593
4.7705
1.8060
1.9541
3.9456
4.8078
1.9421
2.0331
2.3363
5.2620
2.0771
3.8127
9.2147
4.0133
4.6063
0.5751
8.8241
3.8909
2.7295
2.8976
0.7698
0.9288
0.2805
4.1839
0.9660
3.5427
0.2698
4.0376
8.0921
2.2897
6.1670
6.5109
1.3911
0.3992
1.1576
9.3535
0.3287
5.8976
0.5304
6.1382
4.6220
4.0851
6.5857
0.5440
2.7597
1.9726
1.1598
9.9390
3.1457
9.9938
7.5894
1.4623
7.7873
1.2508
2.0084
8.7193
1.3975
8.3021
9.3621
6.0138
9.6786
3.3154
0.2844
1.5214
3.7813
6.4601
3.0172
1.9650
4.6481
1.8643
0.9261
1.1570
2.7283
8.3212
6.5810
4.4353
7.4830
5.1585
8.1271
0.9966
5.4278
9.8867
6.2116
4.5971
1.1895
3.4071
6.3459
4.4121
6.2713
3.2922
1.1631
2.1491
7.0666
4.6639
8.0716
1.7648
9.0738
0.5111
0.4110
4.7749
9.4326
0.4245
3.9156
1.4291
1.3225
1.2026
6.7039
4.5855
3.0297
9.5168
3.2349
8.7077
3.0275
5.8594
3.1593
6.9536
8.5362
3.5839
0.9450
1.7622
3.1857
5.6316
9.7734
0.5011
0.9166
1.3302
7.9507
0.4636
8.1591
2.4187
0.7928
2.3670
9.5576
3.0504
6.7664
3.3439
0.5750
1.7212
2.2339
7.3778
8.2347
8.0321
8.7681
1.7160
1.8133
0.7430
3.5611
1.1167
4.0541
2.4092
0.4646
1.3826
2.9473
1.4820
2.2631
3.1764
3.2285
4.5816
3.2004
3.0549
3.6027
0.0161
4.3506
0.9908
2.9044
2.5256
1.7594
7.2068
3.8693
9.9436
4.3272
4.0578
0.5323
0.5005
5.4123
1.1479
0.5177
9.7393
7.0899
8.4017
2.6016
5.3507
0.7326
4.1196
0.5555
8.5114
7.4953
3.0349
4.1142
4.1989
4.9530
5.4275
0.4409
1.8610
3.8930
8.0345
4.4574
5.5525
2.2027
9.3868
0.6096
8.3531
2.0225
5.5388
5.6906
8.9710
1.1311
1.0374
0.4436
3.2136
8.4693
7.6282
3.0336
0.8201
2.0000
1.9188
1.6335
2.4192
4.7346
4.4484
8.7442
7.7995
5.5207
6.1058
0.4975
1.3029
