# 
# 4/29/2014 15:10:34
# 
28.043 28.679 33.277 12.424 18.894
35.403 24.911 17.829 26.071 21.911
33.873 14.980 29.544 22.577 12.560
24.957 20.091 26.780 34.581 11.000
29.614 14.326 34.436 28.810 17.564
17.255 22.312 16.029 14.656 31.847
27.426 31.590 14.732 15.727 27.466
33.322 23.168 24.254 13.596 11.603
33.845 35.524 24.774 34.995 15.461
27.499 29.724 35.424 23.102 23.920
24.974 23.108 21.763 32.147 11.457
36.064 13.092 31.775 25.775 19.650
34.554 12.112 29.767 20.065 32.345
22.471 10.927 27.952 31.518 13.384
19.239 26.732 32.415 28.831 25.350
25.704 20.917 27.853 13.214 10.709
11.202 34.951 12.444 22.967 27.246
31.309 20.323 26.141 24.196 25.615
21.868 26.460 12.662 31.919 34.015
31.082 15.238 18.496 24.431 26.564
15.857 20.231 36.033 28.582 17.410
16.075 19.881 32.721 13.650 25.607
35.775 25.323 26.286 15.935 30.771
24.438 33.872 29.403 16.629 19.283
28.938 27.509 35.475 28.996 12.221
29.476 17.047 14.029 35.242 12.877
13.088 14.092 21.386 13.606 18.395
14.677 11.733 18.154 23.698 15.506
36.195 22.800 33.289 35.006 29.652
28.325 20.498 31.590 30.969 19.310
18.491 22.284 23.503 22.836 28.860
13.805 30.825 29.112 21.902 25.039
21.083 11.218 12.656 26.992 13.131
33.593 23.981 28.750 19.301 29.571
31.844 31.807 13.006 31.459 11.957
17.014 24.014 13.418 29.592 17.191
29.857 18.907 33.126 22.963 18.205
35.242 13.563 21.721 11.032 27.728
17.041 33.659 11.068 20.341 15.754
29.498 31.979 35.085 30.177 18.712
26.149 19.747 25.680 34.252 18.006
35.799 14.461 13.418 17.128 28.122
20.202 29.922 24.150 11.350 33.119
36.171 29.746 26.667 28.584 28.762
31.629 27.540 33.270 27.670 23.667
33.990 12.420 28.912 18.646 23.682
35.473 24.296 25.324 33.550 31.135
28.720 35.083 12.225 13.849 23.273
14.790 17.585 23.271 28.495 20.696
12.764 14.602 32.583 20.950 35.903
32.709 29.249 10.744 28.322 15.806
26.608 16.238 33.982 30.386 16.647
16.353 14.968 32.384 11.282 33.052
15.191 13.627 34.835 18.728 24.993
32.119 34.791 24.829 28.088 24.369
27.267 29.202 19.559 34.550 34.484
23.109 11.912 35.501 27.404 28.438
17.652 14.200 23.555 14.553 26.485
26.523 21.379 19.597 15.405 19.623
25.278 27.820 31.952 12.847 16.694
23.797 31.430 12.094 13.687 27.497
21.320 14.182 22.180 31.066 31.315
11.370 21.220 15.305 31.298 21.174
18.940 11.240 22.186 15.608 16.348
30.675 31.292 14.789 33.009 29.340
33.427 22.411 20.095 23.643 26.049
16.256 24.663 30.180 25.574 15.131
20.765 18.963 14.976 16.906 18.676
17.449 30.099 32.198 20.428 23.488
13.473 16.255 30.448 26.930 27.597
27.235 17.538 32.678 25.589 34.438
33.897 10.713 13.689 14.285 16.608
24.664 28.908 17.999 24.830 30.511
22.570 24.934 31.798 23.689 19.800
16.773 14.040 28.378 23.700 33.568
24.899 30.638 26.222 33.991 10.857
30.034 27.910 17.550 25.981 24.881
20.132 13.367 17.923 24.810 15.508
27.993 17.950 20.708 28.142 32.808
11.594 12.894 20.493 36.200 35.367
16.481 21.974 23.094 16.876 17.594
23.952 25.742 20.888 28.604 33.962
13.035 20.494 28.733 29.173 31.357
19.542 18.485 33.161 17.067 16.138
12.887 12.972 10.771 11.780 17.497
34.600 34.798 16.907 34.070 11.268
16.773 31.397 29.653 11.233 24.961
28.094 30.128 14.271 28.404 26.120
24.465 32.832 29.455 23.597 10.750
13.234 22.521 16.522 25.378 12.777
18.702 14.761 33.385 32.836 34.528
33.936 23.578 27.573 15.489 12.614
13.339 19.708 16.951 14.989 28.762
23.342 33.619 29.847 26.941 23.999
18.058 35.623 33.257 12.099 29.724
19.096 23.853 34.858 19.191 20.069
30.344 28.824 14.497 30.770 30.293
29.908 34.328 26.729 16.769 26.706
19.279 31.275 12.294 33.997 32.861
27.197 25.198 16.041 26.364 14.660
